[gd_scene load_steps=3 format=3 uid="uid://cmc32lw1h3ay7"]

[ext_resource type="PackedScene" uid="uid://busbwgedsb0xt" path="res://levels/level_001/level_001.tscn" id="1_hvuti"]
[ext_resource type="PackedScene" uid="uid://ogjltvbkjckk" path="res://entities/game_camera/game_camera.tscn" id="2_6tvrh"]

[node name="LevelManager3" type="Node3D" unique_id=294143390]

[node name="Level001" parent="." unique_id=1679937270 instance=ExtResource("1_hvuti")]

[node name="Lighting" type="Node3D" parent="." unique_id=1404983482]
transform = Transform3D(0.8415108, 0, -0.5402403, 0, 1, 0, 0.5402403, 0, 0.8415108, 0, 0, 0)

[node name="KeyLight" type="DirectionalLight3D" parent="Lighting" unique_id=1330386911]
transform = Transform3D(0.70710677, -0.49999997, 0.49999997, 0, 0.70710677, 0.70710677, -0.70710677, -0.49999997, 0.49999997, 10, 10, 10)
shadow_enabled = true

[node name="FillLight" type="DirectionalLight3D" parent="Lighting" unique_id=963400991]
transform = Transform3D(-0.70710677, -0.49999997, 0.49999997, 0, 0.70710677, 0.70710677, -0.70710677, 0.49999997, -0.49999997, 10, 10, -10)
light_energy = 0.5

[node name="RimLight" type="DirectionalLight3D" parent="Lighting" unique_id=314965098]
transform = Transform3D(0.70710677, 0, -0.70710677, 0, 1, 0, 0.70710677, 0, 0.70710677, -10, 1, 10)
light_energy = 0.2

[node name="GameCamera" parent="." unique_id=1780145891 instance=ExtResource("2_6tvrh")]
transform = Transform3D(0.70710653, -0.40660015, 0.578512, 0, 0.8181397, 0.57501936, -0.70710653, -0.40660015, 0.578512, 5, 5, 5)
